1 1 72 15 
11111111111111111111111111111111111111111111111111111111111111111111111111
1P001000000000000000001000000010000010000000000000000000100000000010000011
11101011111111111011101010111010111010111110111111111110101110111110101111
10101010000000001010001010001010100000101000100000100000100010000000100011
10101110111111101010111111101010111111101011101110111011101111111110111011
10100000100010001010001000001010001000100010001010001010101000000010101011
10111111101010111011101011111011101010101110111011101010101011111010101011
10000010001010000010001010000000001010000010000010001010101010100010001011
10111010101111111110111011111111111111111111101110111010101010101111111011
10001010100000000010100000000000000000100000101000100010001010001000000011
11101010111110111010101111111111111110101011101011101111111010111110111011
10001010100010100010101000000010000010001010001000100010001010001000101011
10111110111010111110101111101010111010111010111110111010101011101011101011
10000010001010000000100000001010100010001000000010101010100010001010001011
10111011101011111111111111111110101111111111111110101010111110111010101011
100010000000000000000000000000001000000000000000001000001000000000101000B1
11111111111111111111111111111111111111111111111111111111111111111111111111
